560
0
559
33
27
9
24
17
40
4
5
28
38
8
36
31
18
19
12
36
8
25
7
37
6
32
24
3
31
21
27
21
22
34
33
19
36
7
39
26
9
37
12
29
14
19
37
22
21
6
25
26
28
9
34
13
23
11
10
1
22
38
15
8
7
14
34
2
20
35
6
17
21
7
31
29
26
5
9
15
27
40
8
20
3
32
18
26
20
8
35
33
22
37
31
5
13
11
40
17
4
3
39
30
11
26
7
17
19
24
13
28
16
37
25
12
8
22
3
19
13
31
14
2
37
25
7
29
10
35
20
16
27
2
19
38
34
33
22
12
25
39
30
23
8
12
17
3
24
26
10
33
13
19
25
32
37
7
23
26
21
30
19
14
4
6
22
8
16
40
13
2
31
5
12
36
32
7
35
17
8
1
38
37
16
38
27
11
36
39
3
12
20
6
33
15
24
9
4
12
13
9
35
16
32
26
3
22
1
18
6
25
33
37
19
6
10
31
39
2
22
4
20
15
11
27
9
30
29
26
4
12
34
16
32
40
9
8
13
20
37
10
13
24
29
11
26
34
38
28
19
17
30
16
7
17
32
20
16
23
37
33
26
6
3
40
18
34
36
8
3
21
18
14
4
12
10
2
29
25
34
22
19
12
37
4
28
31
20
36
33
35
38
15
19
32
5
26
2
12
40
34
36
38
5
35
39
17
4
29
8
28
33
35
31
25
32
24
22
19
21
17
3
6
9
10
25
8
22
19
12
1
31
6
23
18
30
4
32
22
21
34
17
38
33
20
27
30
32
4
29
28
9
22
35
40
19
24
30
16
14
17
38
5
25
6
23
21
36
11
4
2
12
20
7
10
1
8
31
5
3
6
27
9
19
16
4
3
20
11
15
39
32
22
5
30
38
1
14
37
12
8
34
26
11
18
5
31
22
19
14
6
4
32
7
22
20
37
35
9
13
17
38
22
33
16
15
1
20
30
25
4
10
5
13
9
21
26
18
23
5
16
40
11
2
10
22
9
4
1
25
25
11
19
27
24
2
40
16
8
13
1
17
10
22
12
30
8
4
33
37
23
10
24
16
20
7
11
19
24
9
22
26
32
23
30
40
2
27
38
20
3
15
24
11
25
23
33
30
8
27
34
26
31
32
7
21
40
8
26
5
23
17
32
21
1
24
33
20
31
11
18
17
25
39
19
6
32
40
37
9
27
16
11
31
37
28
29
40
18
6
24
31
27
38
35
33
3
5
24
19
1
30
4
38
31
17
37
9
29
3
16
25
