560
0
559
20
14
17
25
35
40
33
36
31
5
23
15
22
30
14
10
22
25
20
1
17
19
11
24
9
12
21
7
20
9
6
7
38
26
23
12
27
13
15
36
10
28
23
18
40
20
10
9
16
12
3
13
37
28
26
27
29
23
9
35
13
16
2
24
27
8
3
6
19
22
26
7
36
39
25
24
11
22
18
19
35
33
37
8
15
1
40
31
5
18
8
19
39
3
11
12
29
34
23
36
14
34
27
25
9
38
31
35
24
10
6
1
3
29
36
21
19
18
20
34
23
8
13
15
16
27
20
8
23
12
40
34
37
28
27
22
29
4
6
11
7
1
15
25
32
14
35
40
10
9
31
17
38
22
23
10
28
7
15
33
20
17
8
25
30
27
26
35
39
2
33
32
30
34
10
12
23
18
17
35
24
5
9
1
40
6
30
24
12
4
33
8
3
10
20
23
40
26
33
28
27
32
36
11
3
25
10
35
5
7
22
36
13
11
30
17
7
14
37
10
4
40
33
3
14
21
29
22
10
20
8
15
5
35
18
40
7
16
38
13
40
1
22
8
17
23
10
27
21
37
3
15
30
39
10
8
35
2
22
17
32
1
6
38
11
26
36
23
18
10
33
14
27
2
8
37
17
40
38
16
5
31
8
27
26
35
4
14
9
37
40
28
34
23
21
31
33
35
37
2
24
23
9
34
15
28
13
40
4
38
12
24
15
29
17
34
39
33
28
37
32
1
28
40
25
29
2
35
15
38
23
3
16
8
18
6
34
11
24
16
2
32
19
39
8
12
27
5
14
23
31
2
39
5
12
16
36
22
15
4
8
1
13
14
23
33
36
22
2
13
28
40
35
16
37
9
10
32
21
22
8
1
14
23
5
37
24
7
2
18
31
38
33
38
30
25
4
1
3
18
34
12
32
20
15
5
24
23
20
37
18
34
14
40
4
8
33
7
5
6
24
18
6
9
25
30
34
33
32
26
15
17
40
2
35
40
23
2
5
9
26
7
15
17
19
8
24
11
24
38
13
4
27
17
32
22
10
21
37
12
19
15
27
20
40
10
32
39
19
7
30
4
15
16
17
5
18
8
1
31
21
22
39
24
16
27
7
29
11
38
14
24
10
3
19
31
20
32
25
7
34
21
4
8
38
39
19
17
24
27
25
2
14
32
21
36
13
8
31
12
19
13
32
36
39
1
6
3
34
24
22
5
28
5
31
38
10
14
8
36
33
21
7
26
23
9
12
24
29
6
18
22
2
13
14
5
32
34
33
15
